0 1 2 3 4 5 6 7 8 9 10 11 12 13 14 15 16 17 18 19 20 21 22 23 24 25 26 27 28 29 30 31 32 33 34 35 36 37 38 39 40 41 42 43 44 45 46 47 48 49 50 51 52  dystans: 2456
0 1 2 3 4 5 6 7 8 9 10 11 12 13 14 15 16 17 18 19 20 21 22 23 24 25 26 27 28 29 30 31 32 33 34 35 36 37 38 39 40 41 42 43 44 45 46 47 48 49 50 51 52  dystans: 2456
0 1 2 3 4 5 6 7 8 9 10 11 12 13 14 15 16 17 18 19 20 21 22 23 24 25 26 27 28 29 30 51 32 33 34 35 36 37 38 39 40 41 42 43 44 45 46 47 48 49 50 31 52  dystans: 2424
0 1 2 3 4 5 6 7 8 9 10 11 12 13 14 15 16 17 18 19 20 21 22 23 24 25 26 27 28 29 30 51 32 33 34 35 36 37 38 39 40 41 42 43 44 45 46 47 48 49 50 52 31  dystans: 2384
0 1 2 3 4 5 6 7 8 9 10 11 12 13 14 15 16 17 18 19 20 21 22 23 24 25 26 27 28 29 30 51 32 33 34 35 36 37 38 39 40 41 42 43 44 45 46 47 48 49 50 52 31  dystans: 2384
0 1 2 3 4 5 6 7 38 9 10 11 12 13 14 15 16 17 18 19 20 21 22 23 24 25 26 27 28 29 30 51 32 33 34 35 36 37 8 39 40 41 42 43 44 45 46 47 48 49 50 52 31  dystans: 2215
0 1 2 3 4 5 6 7 38 9 10 11 12 13 14 15 16 17 18 19 20 21 22 23 24 25 26 27 28 29 30 51 32 33 34 35 36 37 8 39 40 41 42 43 44 45 46 47 48 49 50 52 31  dystans: 2215
0 1 2 3 4 5 6 7 38 9 10 11 12 13 14 15 16 17 18 19 20 21 22 23 24 25 26 27 28 29 30 51 32 33 34 35 36 37 8 39 40 41 42 43 44 45 46 47 48 49 50 52 31  dystans: 2215
0 1 2 3 4 5 6 7 38 9 10 11 12 13 14 15 16 17 18 19 20 21 22 23 24 25 26 27 28 29 30 51 32 33 34 35 50 37 8 39 40 41 42 43 44 45 46 47 48 49 36 52 31  dystans: 2178
0 1 2 3 4 5 6 7 38 9 10 11 12 13 14 15 16 17 18 19 20 21 22 23 24 25 26 27 28 29 30 51 32 33 34 35 50 37 8 39 40 41 42 43 44 45 46 47 48 49 36 52 31  dystans: 2178
0 1 2 3 4 5 6 7 38 9 10 11 12 13 14 15 16 17 18 19 20 21 22 23 24 25 26 27 28 29 30 51 32 33 34 35 50 37 8 39 40 41 42 43 44 45 46 47 48 49 36 52 31  dystans: 2178
0 1 2 3 4 5 6 7 38 10 9 11 12 13 14 15 16 17 18 19 20 21 22 23 24 25 26 27 28 29 30 51 32 33 34 35 50 37 8 39 40 41 42 43 44 45 46 47 48 49 36 52 31  dystans: 2152
0 1 2 3 4 5 6 7 38 10 9 11 12 13 14 15 16 17 18 19 20 21 22 23 24 25 26 27 28 29 30 51 32 33 34 35 50 37 8 39 40 41 42 43 44 45 46 47 48 49 36 52 31  dystans: 2152
0 1 2 3 4 5 6 7 38 10 9 11 12 13 14 15 16 17 18 19 20 21 22 23 24 25 26 27 28 29 30 51 32 33 34 35 50 37 8 39 40 41 42 43 44 45 46 47 48 49 36 52 31  dystans: 2152
0 1 2 3 4 5 6 7 38 10 9 11 12 13 14 15 16 17 18 19 20 21 22 23 24 25 26 27 28 29 30 51 32 33 34 35 50 37 8 39 40 41 42 43 44 45 46 47 48 49 36 52 31  dystans: 2152
0 1 2 3 4 5 6 7 38 10 9 11 12 13 14 15 16 17 18 25 20 21 22 23 24 19 26 27 28 29 30 51 32 33 34 35 50 37 8 39 40 41 42 43 44 45 46 47 48 49 36 52 31  dystans: 2127
0 1 2 3 4 42 6 7 38 10 9 11 12 13 14 15 16 17 18 25 20 21 22 23 24 19 26 27 28 29 30 51 32 33 34 35 50 37 8 39 40 41 5 43 44 45 46 47 48 49 36 52 31  dystans: 2074
0 1 2 3 4 42 6 7 38 10 9 11 12 13 14 15 16 17 18 25 20 21 22 23 24 19 26 27 28 29 30 51 32 33 34 35 50 37 8 39 40 41 5 43 44 45 46 47 48 49 36 52 31  dystans: 2074
0 1 2 3 4 42 6 7 38 10 9 11 12 13 14 15 16 17 18 25 20 21 22 23 24 19 26 27 28 29 30 51 32 33 34 35 50 37 8 39 40 41 5 43 44 45 46 47 48 49 36 52 31  dystans: 2074
0 1 2 3 4 42 6 7 38 10 9 11 12 13 14 15 16 17 18 25 20 21 22 23 24 19 26 27 28 29 30 51 32 33 34 35 50 37 8 39 40 41 5 43 44 45 46 47 48 49 36 52 31  dystans: 2074
0 1 2 3 4 42 6 7 38 10 9 11 12 13 14 15 16 17 18 25 20 21 22 23 24 19 26 27 43 29 30 51 32 33 34 35 50 37 8 39 40 41 5 28 44 45 46 47 48 49 36 52 31  dystans: 2068
0 1 2 3 4 42 6 7 38 10 9 11 12 13 14 15 16 17 18 25 20 21 22 23 24 19 26 27 43 29 30 51 32 33 34 35 50 37 8 39 40 41 5 28 44 45 46 47 48 49 36 52 31  dystans: 2068
0 1 2 3 4 42 6 7 38 10 9 11 12 13 14 15 16 17 18 25 20 21 22 23 24 19 26 27 43 29 30 51 32 33 34 35 50 37 8 39 40 41 5 28 44 45 46 47 48 49 36 52 31  dystans: 2068
0 1 2 3 4 42 6 7 38 10 9 11 12 13 14 15 16 17 18 25 20 21 22 23 24 19 26 27 43 29 30 51 32 33 34 35 50 37 8 39 40 41 5 28 44 45 46 47 48 49 36 52 31  dystans: 2068
0 1 2 3 4 42 6 7 38 10 9 11 12 13 14 15 16 17 18 25 20 21 22 23 24 19 26 27 43 29 30 51 32 33 34 35 50 37 8 39 40 41 5 28 44 45 46 47 48 49 36 52 31  dystans: 2068
0 1 2 3 4 42 6 7 38 10 9 11 12 13 14 15 16 17 18 25 20 21 22 23 24 19 26 27 43 29 30 51 32 33 34 35 50 37 8 39 40 41 5 28 44 45 46 47 48 49 36 52 31  dystans: 2068
0 1 2 3 4 42 6 7 38 10 9 11 12 13 14 15 16 17 18 25 20 21 22 23 24 19 26 27 43 29 30 51 32 33 34 35 50 37 8 39 40 41 5 28 44 45 46 47 48 49 36 52 31  dystans: 2068
0 1 2 3 4 42 6 7 38 10 9 11 12 13 14 15 16 17 18 25 20 21 22 23 24 19 26 27 43 29 30 51 32 33 34 35 50 37 8 39 40 41 5 28 46 45 44 47 48 49 36 52 31  dystans: 2006
0 1 2 3 4 42 6 7 38 10 9 11 12 13 14 15 16 17 18 25 20 37 22 23 24 19 26 27 43 29 30 51 32 33 34 35 50 21 8 39 40 41 5 28 46 45 44 47 48 49 36 52 31  dystans: 1977
0 1 2 3 4 42 6 7 38 10 9 11 12 13 14 15 16 17 18 25 20 37 22 23 24 19 26 27 43 29 30 51 32 33 34 35 50 21 8 39 40 41 5 28 46 45 44 47 48 49 36 52 31  dystans: 1977
0 1 2 3 4 42 6 7 38 10 9 11 12 13 14 15 16 17 18 25 20 37 22 23 44 19 26 27 43 29 30 51 32 33 34 35 50 21 8 39 40 41 5 28 46 45 24 47 48 49 36 52 31  dystans: 1958
0 1 2 3 4 42 6 7 38 10 9 11 12 13 14 15 16 17 18 25 20 37 22 23 44 19 26 27 43 29 30 51 32 33 34 35 50 21 8 39 40 41 5 28 46 45 24 47 48 49 36 52 31  dystans: 1958
0 1 2 3 4 42 6 7 38 10 9 11 12 13 14 15 16 17 18 25 20 37 22 23 44 19 26 27 43 29 30 51 32 33 34 35 50 21 8 39 40 41 5 28 46 45 24 47 48 49 36 52 31  dystans: 1958
0 1 2 3 4 42 6 7 38 10 9 11 12 13 14 15 16 17 18 25 20 37 22 23 44 19 26 27 43 29 30 51 32 33 34 35 50 21 8 39 40 41 5 28 46 45 24 47 48 49 36 52 31  dystans: 1958
0 1 2 3 4 42 6 7 38 10 9 11 12 13 14 15 16 17 18 25 20 37 22 23 44 19 26 27 43 29 30 51 32 33 34 35 50 21 8 39 40 41 5 28 46 45 24 47 48 49 36 52 31  dystans: 1958
0 1 2 3 4 42 6 7 38 10 9 11 12 13 14 15 16 17 18 25 20 37 22 23 44 19 26 27 43 29 30 51 32 33 48 35 50 21 8 39 40 41 5 28 46 45 24 47 34 49 36 52 31  dystans: 1948
0 1 2 3 4 42 6 7 38 10 9 11 12 13 14 15 16 17 18 25 20 37 22 23 44 19 26 27 43 29 30 51 32 33 48 35 50 21 8 39 40 41 5 28 46 45 24 47 34 49 36 52 31  dystans: 1948
0 1 2 3 4 42 6 7 38 10 9 11 12 13 14 19 16 17 18 25 20 37 22 23 44 15 26 27 43 29 30 51 32 33 48 35 50 21 8 39 40 41 5 28 46 45 24 47 34 49 36 52 31  dystans: 1850
0 1 2 3 4 42 6 7 38 10 9 11 12 13 14 19 16 17 18 25 20 37 22 23 44 15 26 27 43 29 30 51 32 33 48 35 50 21 8 39 40 41 5 28 46 45 24 47 34 49 36 52 31  dystans: 1850
0 1 2 3 4 42 6 7 38 10 9 11 12 13 14 19 16 17 18 25 20 37 22 23 44 15 26 27 43 29 30 51 32 33 48 35 50 21 8 39 40 41 5 28 46 45 24 47 34 49 36 52 31  dystans: 1850
0 1 2 3 4 42 6 7 38 10 9 11 12 13 14 19 16 17 18 25 20 37 22 23 44 15 26 27 43 29 30 51 32 33 48 35 50 21 8 39 40 41 5 28 46 45 24 47 34 49 36 52 31  dystans: 1850
0 1 2 3 4 42 6 7 38 10 9 11 12 13 14 20 16 17 18 25 19 37 22 23 44 15 26 27 43 29 30 51 32 33 48 35 50 21 8 39 40 41 5 28 46 45 24 47 34 49 36 52 31  dystans: 1845
0 1 2 3 4 42 6 7 38 10 9 11 12 13 14 20 16 17 18 25 19 37 22 23 44 15 26 27 43 29 30 51 32 33 48 35 50 21 8 39 40 41 5 28 46 45 24 47 34 49 36 52 31  dystans: 1845
0 1 2 3 4 42 6 7 38 10 9 11 12 13 14 20 16 17 18 25 19 37 22 23 44 15 26 27 43 29 30 51 32 33 48 35 50 21 8 39 40 41 5 28 46 45 24 47 34 49 36 52 31  dystans: 1845
0 1 2 3 4 42 6 7 38 10 9 11 12 13 14 20 16 17 18 25 19 37 22 23 44 15 26 27 43 29 30 51 52 33 48 35 50 21 8 39 40 41 5 28 46 45 24 47 34 49 36 32 31  dystans: 1723
0 1 2 3 4 42 6 7 38 10 9 50 12 13 14 20 16 17 18 25 19 37 22 23 44 15 26 27 43 29 30 51 52 33 48 35 11 21 8 39 40 41 5 28 46 45 24 47 34 49 36 32 31  dystans: 1687
0 1 2 3 4 42 6 7 38 10 9 50 12 13 14 20 16 17 18 25 19 37 22 23 44 15 26 27 43 29 30 51 52 33 48 35 11 21 8 39 40 41 5 28 46 45 24 47 34 49 36 32 31  dystans: 1687
0 1 2 3 4 42 6 7 38 10 9 50 12 13 14 20 16 17 18 25 19 37 22 23 44 15 26 27 43 29 30 51 52 33 48 35 11 21 8 39 40 41 5 28 46 45 24 47 34 49 36 32 31  dystans: 1687
0 1 2 3 4 42 6 7 38 10 9 50 12 13 14 20 16 17 18 25 19 37 22 23 44 15 26 27 43 29 30 51 52 33 48 35 11 21 8 39 40 41 5 28 46 45 24 47 34 49 36 32 31  dystans: 1687
0 1 2 3 4 42 6 7 38 10 9 50 12 13 14 20 16 17 18 25 19 37 22 23 44 15 26 27 43 29 30 51 52 33 48 35 11 21 8 39 40 41 5 28 46 45 24 47 34 49 36 32 31  dystans: 1687
0 1 2 3 4 42 6 7 38 10 9 50 12 13 14 20 16 17 18 25 19 37 22 23 44 15 26 27 43 29 30 51 52 33 48 35 11 21 8 39 40 41 5 28 46 45 24 47 34 49 36 32 31  dystans: 1687
0 1 2 3 4 42 6 7 38 10 9 50 12 13 14 20 16 17 18 25 19 37 22 23 44 15 26 27 43 29 30 51 52 33 48 35 11 21 8 39 40 41 5 28 46 45 24 47 34 49 36 32 31  dystans: 1687
0 1 2 3 4 42 6 7 38 10 9 50 12 13 14 20 16 17 18 25 19 37 22 23 44 15 26 27 43 29 30 51 52 33 48 35 11 21 8 39 40 41 5 28 46 45 24 47 34 49 36 32 31  dystans: 1687
0 1 2 3 4 42 6 7 38 10 9 50 12 13 14 20 16 17 18 25 19 37 22 23 44 15 26 27 43 29 30 51 52 33 48 35 11 21 8 39 40 41 5 28 46 45 24 47 34 49 36 32 31  dystans: 1687
0 1 2 3 4 42 6 7 38 10 9 50 12 13 14 20 41 17 18 25 19 37 22 23 44 15 26 27 43 29 30 51 52 33 48 35 11 21 8 39 40 16 5 28 46 45 24 47 34 49 36 32 31  dystans: 1641
0 1 2 3 4 42 6 7 38 10 9 50 12 13 14 20 41 17 18 25 19 37 22 23 44 15 26 27 43 29 30 51 52 33 48 35 11 21 8 39 40 16 5 28 46 45 24 47 34 49 36 32 31  dystans: 1641
0 1 2 3 4 42 6 7 38 10 9 50 12 13 14 20 41 17 18 25 19 37 22 23 44 15 26 27 43 29 30 51 52 33 48 35 11 21 8 39 40 16 5 28 46 45 24 47 34 49 36 32 31  dystans: 1641
0 1 2 3 4 42 6 7 38 10 9 50 12 13 14 20 41 17 18 25 19 37 22 23 44 15 26 27 43 29 30 51 52 33 48 35 11 21 8 39 40 16 5 28 46 45 24 47 34 49 36 32 31  dystans: 1641
0 1 2 3 4 42 6 7 38 10 9 50 12 13 14 20 41 17 18 25 19 37 22 23 44 15 26 27 43 29 30 51 52 33 48 35 11 21 8 39 40 16 5 28 46 45 24 47 34 49 36 32 31  dystans: 1641
0 1 2 3 4 42 6 7 38 10 9 50 12 13 14 20 41 17 18 25 19 37 22 23 44 15 26 27 43 29 30 51 52 33 48 35 11 21 8 39 40 16 5 28 46 45 24 47 34 49 36 32 31  dystans: 1641
0 1 2 3 4 42 6 7 38 10 9 50 12 13 14 20 41 17 18 25 19 37 22 23 44 15 26 27 43 29 30 51 52 33 48 35 11 21 8 39 40 16 5 28 46 45 24 47 34 49 36 32 31  dystans: 1641
0 1 2 3 4 42 6 7 38 10 9 50 12 13 14 20 41 17 18 25 19 37 22 23 44 15 26 27 43 29 30 51 52 33 48 35 11 21 8 39 40 16 5 28 46 45 24 47 34 49 36 32 31  dystans: 1641
0 1 2 3 4 42 6 7 38 10 9 50 12 13 14 20 41 17 18 25 19 37 22 23 44 15 26 27 43 29 30 51 52 33 48 35 11 21 8 32 40 16 5 28 46 45 24 47 34 49 36 39 31  dystans: 1627
0 1 2 3 4 42 6 7 38 10 9 50 12 13 14 20 41 17 18 25 19 37 22 23 44 15 26 27 43 29 30 51 52 33 48 35 11 21 8 32 40 16 5 28 46 45 24 47 34 49 36 39 31  dystans: 1627
0 1 2 3 4 42 6 7 38 10 9 50 12 13 14 20 41 17 18 25 19 37 22 23 44 15 26 39 43 29 30 51 52 33 48 35 11 21 8 32 40 16 5 28 46 45 24 47 34 49 36 27 31  dystans: 1612
0 1 2 3 4 42 6 7 38 10 9 50 12 13 14 20 41 17 18 25 19 37 22 23 44 15 26 39 43 29 30 51 52 33 48 35 11 21 8 32 40 16 5 28 46 45 24 47 34 49 36 27 31  dystans: 1612
0 1 2 3 4 42 6 7 38 10 9 50 12 13 14 20 41 17 18 25 19 37 22 23 44 15 26 39 43 29 30 51 52 33 48 35 11 21 8 32 40 16 5 28 46 45 24 47 34 49 36 27 31  dystans: 1612
0 1 2 3 4 42 6 7 38 10 9 50 12 13 14 20 41 17 18 25 19 37 22 23 44 15 26 39 43 29 30 51 52 33 48 35 11 21 8 32 40 16 5 28 46 45 24 47 34 49 36 27 31  dystans: 1612
0 1 2 3 4 42 6 7 38 10 9 50 12 13 14 20 41 17 18 25 19 37 22 23 44 15 26 39 43 29 30 51 52 33 48 35 11 21 8 32 40 16 5 28 46 45 24 47 34 49 36 27 31  dystans: 1612
0 1 2 3 4 42 6 7 38 10 9 50 12 13 14 20 41 17 18 25 19 37 22 23 44 15 26 39 43 29 30 51 52 33 48 35 11 21 8 32 40 16 5 28 46 45 24 47 34 49 36 27 31  dystans: 1612
0 1 2 3 4 42 6 7 38 10 9 50 12 13 14 20 41 17 18 25 19 37 22 23 44 15 26 39 43 29 30 51 52 33 48 35 11 21 8 32 40 16 5 28 46 45 24 47 34 49 36 27 31  dystans: 1612
0 1 2 3 4 42 6 7 38 10 9 50 12 13 14 20 41 17 18 25 19 37 22 23 44 15 26 39 43 29 30 51 52 33 48 35 11 21 8 32 40 16 5 28 46 45 24 47 34 49 36 27 31  dystans: 1612
0 1 2 3 4 42 6 7 38 10 9 50 12 13 14 20 41 17 18 25 19 37 22 23 44 15 26 39 43 29 30 51 52 33 48 35 11 21 8 32 40 16 5 28 46 45 24 47 34 49 36 27 31  dystans: 1612
0 1 2 3 4 42 6 7 38 10 9 50 12 13 14 20 41 17 18 25 19 37 22 23 44 15 26 39 28 29 30 51 52 33 48 35 11 21 8 32 40 16 5 43 46 45 24 47 34 49 36 27 31  dystans: 1609
0 1 2 3 4 42 6 7 38 10 9 50 12 13 14 20 41 17 18 25 19 37 22 23 44 15 26 39 28 29 30 51 52 33 48 35 11 21 8 32 40 16 5 43 46 45 24 47 34 49 36 27 31  dystans: 1609
0 1 2 3 4 42 6 7 38 10 9 50 12 13 14 20 41 17 18 25 19 37 22 23 44 15 26 39 28 29 30 51 52 33 48 35 11 21 8 32 40 16 5 43 46 45 24 47 34 49 36 27 31  dystans: 1609
0 1 2 3 4 42 6 7 38 10 9 50 12 13 14 20 41 17 18 25 19 37 22 23 44 15 26 39 28 29 30 51 52 33 48 35 11 21 8 32 40 16 5 43 46 45 24 47 34 49 36 27 31  dystans: 1609
0 1 2 3 4 42 6 7 38 10 9 50 12 13 14 20 41 17 18 25 19 37 22 23 44 15 26 39 28 29 30 51 52 33 48 35 11 21 8 32 40 16 5 43 46 45 24 47 34 49 36 27 31  dystans: 1609
0 1 2 3 4 42 6 7 38 10 9 50 12 13 14 20 41 17 18 25 19 37 22 23 44 15 26 39 28 29 30 51 52 33 48 35 11 21 8 32 40 16 5 43 46 45 24 47 34 49 36 27 31  dystans: 1609
0 1 2 3 4 42 6 7 38 10 9 50 12 13 14 20 41 17 18 25 19 37 22 23 44 15 26 39 28 29 30 51 52 33 48 35 11 21 8 32 40 16 5 43 46 45 24 47 34 49 36 27 31  dystans: 1609
0 1 2 3 4 42 6 7 38 10 9 50 12 13 14 20 41 17 18 25 19 37 22 23 44 15 26 39 28 29 30 51 52 33 48 35 11 21 8 32 40 16 5 43 46 45 24 47 34 49 36 27 31  dystans: 1609
0 1 2 3 4 42 6 7 38 10 9 50 12 13 14 20 41 17 18 25 19 37 22 23 44 15 26 39 28 29 30 51 52 33 48 35 11 21 8 32 40 16 5 43 46 45 24 47 34 49 36 27 31  dystans: 1609
0 1 2 3 4 42 6 7 38 10 9 50 12 13 14 20 41 17 18 25 19 37 22 23 44 15 26 39 28 29 30 51 52 33 48 35 11 21 8 32 40 16 5 43 46 45 24 47 34 49 36 27 31  dystans: 1609
0 1 2 3 4 42 6 7 38 10 9 50 12 13 14 20 41 17 18 25 19 37 22 23 44 15 26 39 28 29 30 51 52 33 48 35 11 21 8 32 40 16 5 43 46 45 24 47 34 49 36 27 31  dystans: 1609
0 1 2 3 4 42 6 7 38 10 9 50 12 13 14 20 41 17 18 25 19 37 22 23 44 15 26 39 28 29 30 51 52 33 48 35 11 21 8 32 40 16 5 43 46 45 24 47 34 49 36 27 31  dystans: 1609
0 1 2 3 4 42 6 7 38 10 9 50 12 13 14 20 41 17 18 25 19 37 22 23 44 15 26 39 28 29 30 51 52 33 48 35 11 21 8 32 40 16 5 43 46 45 24 47 34 49 36 27 31  dystans: 1609
0 1 2 3 4 42 38 7 6 10 9 50 12 13 14 20 41 17 18 25 19 37 22 23 44 15 26 39 28 29 30 51 52 33 48 35 11 21 8 32 40 16 5 43 46 45 24 47 34 49 36 27 31  dystans: 1554
0 1 2 3 4 42 38 7 6 10 9 50 12 13 14 20 41 17 18 25 19 37 22 23 44 15 26 39 28 29 30 51 52 33 48 35 11 21 8 32 40 16 5 43 46 45 24 47 34 49 36 27 31  dystans: 1554
0 1 2 3 4 42 38 7 6 10 9 50 12 13 14 20 41 17 18 25 19 37 22 23 44 15 26 39 28 29 30 51 52 33 48 35 11 21 8 32 40 16 5 43 46 45 24 47 34 49 36 27 31  dystans: 1554
0 1 2 3 4 42 38 7 6 10 9 50 12 13 14 20 41 17 18 25 19 37 22 23 44 15 26 39 28 29 30 51 52 33 48 35 11 21 8 32 40 16 5 43 46 45 24 47 34 49 36 27 31  dystans: 1554
0 1 2 3 4 42 38 7 6 10 9 50 12 13 14 20 41 17 18 25 19 37 22 23 44 15 26 39 28 29 30 51 52 33 48 35 11 21 8 32 40 16 5 43 46 45 24 47 34 49 36 27 31  dystans: 1554
0 1 2 3 4 42 38 7 6 10 9 50 12 13 14 20 41 17 18 25 19 37 22 23 44 15 26 34 28 29 30 51 52 33 48 35 11 21 8 32 40 16 5 43 46 45 24 47 39 49 36 27 31  dystans: 1502
0 1 2 3 4 42 38 7 6 10 9 50 12 13 14 20 41 17 18 25 19 37 22 23 44 15 26 34 28 29 30 51 52 33 48 35 11 21 8 32 40 16 5 43 46 45 24 47 39 49 36 27 31  dystans: 1502
0 1 2 3 4 42 38 7 6 10 9 50 12 27 14 20 41 17 18 25 19 37 22 23 44 15 26 34 28 29 30 51 52 33 48 35 11 21 8 32 40 16 5 43 46 45 24 47 39 49 36 13 31  dystans: 1493
0 1 2 3 4 42 38 7 6 10 9 50 12 27 14 20 41 17 18 25 19 37 22 23 44 15 26 34 28 29 30 51 52 33 48 35 11 21 8 32 40 16 5 43 46 45 24 47 39 49 36 13 31  dystans: 1493
0 1 2 3 4 42 38 7 6 10 9 50 12 27 14 20 41 17 18 25 19 37 22 23 44 15 26 34 28 29 30 51 52 33 48 35 11 21 8 32 40 16 5 43 46 45 24 47 39 49 36 13 31  dystans: 1493
0 1 2 3 4 42 38 7 6 10 9 50 12 27 14 20 41 17 18 25 19 37 22 23 44 15 26 34 28 29 30 51 52 33 48 35 11 21 8 32 40 16 5 43 46 45 24 47 39 49 36 13 31  dystans: 1493
0 1 2 3 4 42 38 7 6 10 9 50 12 27 14 20 41 17 18 25 19 37 22 23 44 15 26 34 28 29 30 51 52 33 48 35 11 21 8 32 40 16 5 43 46 45 24 47 39 49 36 13 31  dystans: 1493
0 1 2 3 4 42 38 7 6 10 9 50 12 27 14 20 41 17 18 25 19 37 22 23 44 15 26 34 28 29 30 51 52 33 48 35 11 21 8 32 40 16 5 43 46 45 24 47 39 49 36 13 31  dystans: 1493
0 1 2 3 4 42 38 7 6 10 9 50 12 27 25 20 41 17 18 14 19 37 22 23 44 15 26 34 28 29 30 51 52 33 48 35 11 21 8 32 40 16 5 43 46 45 24 47 39 49 36 13 31  dystans: 1444
0 1 2 3 4 42 38 7 6 10 9 50 12 27 15 20 41 17 18 14 19 37 22 23 44 25 26 34 28 29 30 51 52 33 48 35 11 21 8 32 40 16 5 43 46 45 24 47 39 49 36 13 31  dystans: 1433
0 1 2 3 4 42 38 7 6 10 9 50 12 27 15 20 41 17 18 14 19 37 22 23 44 25 26 34 28 29 30 51 52 33 48 35 11 21 8 32 40 16 5 43 46 45 24 47 39 49 36 13 31  dystans: 1433
0 1 2 3 4 42 38 7 6 10 9 50 12 27 15 20 41 17 18 14 19 37 22 23 44 25 26 34 28 29 30 51 52 33 48 35 11 21 8 32 40 16 5 43 46 45 24 47 39 49 36 13 31  dystans: 1433
0 1 2 3 4 42 38 7 6 10 9 50 12 27 15 20 41 17 18 14 19 37 22 23 44 25 26 34 28 29 30 51 52 33 48 35 11 21 8 32 40 16 5 43 46 45 24 47 39 49 36 13 31  dystans: 1433
0 1 2 3 4 42 38 7 6 10 9 50 12 27 15 20 41 17 18 14 19 37 22 23 44 25 26 34 28 29 30 51 52 33 48 35 11 21 8 32 40 16 5 43 46 45 24 47 39 49 36 13 31  dystans: 1433
0 1 2 3 4 42 38 7 6 10 9 50 12 27 15 20 41 17 18 14 19 37 22 23 44 25 26 34 28 29 30 51 52 33 48 35 11 21 8 32 40 16 5 43 46 45 24 47 39 49 36 13 31  dystans: 1433
0 1 2 3 4 42 38 7 6 10 9 50 12 27 15 20 41 17 18 14 19 37 22 23 44 25 26 34 28 29 30 51 52 33 48 35 11 21 8 32 40 16 5 43 46 45 24 47 39 49 36 13 31  dystans: 1433
0 1 2 3 4 42 38 7 6 10 9 50 12 27 15 20 41 17 18 14 19 37 22 23 44 25 26 34 28 29 30 51 52 33 48 35 11 21 8 32 40 16 5 43 46 45 24 47 39 49 36 13 31  dystans: 1433
0 1 2 3 4 42 38 7 6 10 9 50 12 27 15 20 41 17 18 14 19 37 22 23 44 25 26 34 28 29 30 51 52 33 48 35 11 21 8 32 40 16 5 43 46 45 24 47 39 49 36 13 31  dystans: 1433
0 1 2 3 4 42 38 7 6 10 9 50 12 27 15 20 41 17 18 14 19 37 22 23 44 25 26 34 28 29 30 51 52 33 48 35 11 21 8 32 40 16 5 43 46 45 24 47 39 49 36 13 31  dystans: 1433
0 1 2 3 4 42 38 7 6 10 9 50 12 27 15 20 41 17 18 14 19 37 22 23 44 25 26 34 28 29 30 51 52 33 48 35 11 21 8 32 40 16 5 43 46 45 24 47 39 49 36 13 31  dystans: 1433
0 1 2 3 4 42 38 7 6 10 9 50 12 27 15 20 41 17 18 14 19 37 22 23 44 25 26 34 28 29 30 51 52 33 48 35 11 21 8 32 40 16 5 43 46 45 24 47 39 49 36 13 31  dystans: 1433
0 1 2 3 4 42 38 7 6 10 9 50 12 27 15 20 41 17 18 14 19 37 22 23 44 25 26 34 28 29 30 51 52 33 48 35 11 21 8 32 40 16 5 43 46 45 24 47 39 49 36 13 31  dystans: 1433
0 1 2 3 4 42 13 7 6 10 9 50 12 27 15 20 41 17 18 14 19 37 22 23 44 25 26 34 28 29 30 51 52 33 48 35 11 21 8 32 40 16 5 43 46 45 24 47 39 49 36 38 31  dystans: 1426
0 1 2 3 4 42 13 7 6 10 9 50 12 27 15 20 41 17 18 14 19 37 22 23 44 25 26 34 28 29 30 51 52 33 48 35 11 21 8 32 40 16 5 43 46 45 24 47 39 49 36 38 31  dystans: 1426
0 1 2 3 4 42 13 7 6 10 9 50 12 27 15 20 41 17 18 14 19 37 22 23 44 25 26 34 28 29 30 51 52 33 48 35 11 21 8 32 40 16 5 43 46 45 24 47 39 49 36 38 31  dystans: 1426
0 1 2 3 4 42 13 7 6 10 9 50 12 27 14 20 41 17 18 15 19 37 22 23 44 25 26 34 28 29 30 51 52 33 48 35 11 21 8 32 40 16 5 43 46 45 24 47 39 49 36 38 31  dystans: 1414
0 1 2 3 4 42 13 7 6 10 9 50 12 27 14 20 41 17 18 15 19 37 22 23 44 25 26 34 28 29 30 51 52 33 48 35 11 21 8 32 40 16 5 43 46 45 24 47 39 49 36 38 31  dystans: 1414
0 1 2 3 4 42 13 7 6 10 9 50 12 27 14 20 41 17 18 15 19 37 22 23 44 25 26 34 28 29 30 51 52 33 48 35 11 21 8 32 40 16 5 43 46 45 24 47 39 49 36 38 31  dystans: 1414
0 1 2 3 4 42 13 7 46 10 9 50 12 27 14 20 41 17 18 15 19 37 22 23 44 25 26 34 28 29 30 51 52 33 48 35 11 21 8 32 40 16 5 43 6 45 24 47 39 49 36 38 31  dystans: 1413
0 1 2 3 4 42 13 7 46 10 9 50 12 27 14 20 41 17 18 15 19 37 22 23 44 25 26 34 28 29 30 51 52 33 48 35 11 21 8 32 40 16 5 43 6 45 24 47 39 49 36 38 31  dystans: 1413
0 1 2 3 4 42 13 7 46 10 9 50 12 27 14 20 8 17 18 15 19 37 22 23 44 25 26 34 28 29 30 51 52 33 48 35 11 21 41 32 40 16 5 43 6 45 24 47 39 49 36 38 31  dystans: 1395
0 1 2 3 4 42 13 7 46 10 9 50 12 27 14 20 8 17 18 15 19 37 22 23 44 25 26 34 28 29 30 51 52 33 48 35 11 21 41 32 40 16 5 43 6 45 24 47 39 49 36 38 31  dystans: 1395
0 1 2 3 4 42 13 7 46 10 9 50 12 27 14 20 8 17 18 15 19 37 22 23 44 25 26 34 28 29 30 51 52 33 48 35 11 21 41 32 40 16 5 43 6 45 24 47 39 49 36 38 31  dystans: 1395
0 1 2 3 4 42 13 7 46 10 9 50 12 27 14 20 8 17 18 15 19 37 22 23 44 25 26 34 28 29 30 51 52 33 48 35 11 21 41 32 40 16 5 43 6 45 24 47 39 49 36 38 31  dystans: 1395
0 1 2 3 4 42 13 7 46 10 9 50 12 27 14 20 8 17 18 15 19 37 22 23 44 25 26 34 28 29 30 51 52 33 48 35 11 21 41 32 40 16 5 43 6 45 24 47 39 49 36 38 31  dystans: 1395
0 1 2 3 4 42 13 7 46 10 9 50 12 27 14 20 8 17 18 15 19 37 22 23 44 25 26 34 28 29 30 51 52 33 48 35 11 21 41 32 40 16 5 43 6 45 24 47 39 49 36 38 31  dystans: 1395
0 1 2 3 4 42 13 7 46 10 9 50 12 27 14 20 8 17 18 15 19 37 22 23 44 25 26 34 28 29 30 51 52 33 48 35 11 21 41 32 40 16 5 43 6 45 24 47 39 49 36 38 31  dystans: 1395
0 1 2 3 4 42 13 7 46 10 9 50 12 27 14 20 8 17 18 15 19 37 22 23 44 25 26 34 28 29 30 51 52 33 48 35 11 21 41 32 40 16 5 43 6 45 24 47 39 49 36 38 31  dystans: 1395
0 1 2 3 4 42 13 7 46 10 9 50 12 27 14 20 8 17 18 15 19 37 22 23 44 25 26 34 28 29 30 51 52 33 48 35 11 21 41 32 40 16 5 43 6 45 24 47 39 49 36 38 31  dystans: 1395
0 1 2 3 4 42 13 7 46 10 9 50 12 27 14 20 8 17 18 15 19 37 22 23 44 25 26 34 28 29 30 51 52 33 48 35 11 21 41 32 40 16 5 43 6 45 24 47 39 49 36 38 31  dystans: 1395
0 1 2 3 4 42 13 7 46 10 9 50 12 27 14 20 8 17 18 15 19 37 22 23 44 25 26 34 28 29 30 51 52 33 48 35 11 21 41 32 40 16 5 43 6 45 24 47 39 49 36 38 31  dystans: 1395
0 1 2 3 4 42 13 7 43 10 9 50 12 27 14 20 8 17 18 15 19 37 22 23 44 25 26 34 28 29 30 51 52 33 48 35 11 21 41 32 40 16 5 46 6 45 24 47 39 49 36 38 31  dystans: 1356
0 1 2 3 4 42 13 7 43 10 9 50 12 27 14 20 8 17 18 15 19 37 22 23 44 25 26 34 28 29 30 51 52 33 48 35 11 21 41 32 40 16 5 46 6 45 24 47 39 49 36 38 31  dystans: 1356
0 1 2 3 4 42 13 7 43 10 9 50 12 27 14 20 8 17 18 15 19 37 22 23 44 25 26 34 28 29 30 51 52 33 48 35 11 21 41 32 40 16 5 46 6 45 24 47 39 49 36 38 31  dystans: 1356
0 1 2 3 4 42 13 7 43 10 9 50 12 27 14 20 8 17 18 15 19 37 22 23 44 25 26 34 28 29 30 51 52 33 48 35 11 21 41 32 40 16 5 46 6 45 24 47 39 49 36 38 31  dystans: 1356
0 1 2 3 4 42 13 7 43 10 9 50 12 27 14 20 8 17 18 15 19 37 22 23 44 25 26 34 28 29 30 51 52 33 48 35 11 21 41 32 40 16 5 46 6 45 24 47 39 49 36 38 31  dystans: 1356
0 1 2 3 4 42 13 7 43 10 9 50 12 27 14 20 8 17 18 15 19 37 22 23 44 25 26 34 28 29 30 51 52 33 48 35 11 21 41 32 40 16 5 46 6 45 24 47 39 49 36 38 31  dystans: 1356
0 1 2 3 4 42 13 7 43 10 9 50 12 27 14 20 8 17 18 15 19 37 22 23 44 25 26 34 28 29 30 51 52 33 48 35 11 21 41 32 40 16 5 46 6 45 24 47 39 49 36 38 31  dystans: 1356
0 1 2 3 4 42 13 7 43 10 9 50 12 27 14 20 8 17 18 15 19 37 22 23 44 25 26 34 28 29 30 51 52 33 48 35 11 21 41 32 40 16 5 46 6 45 24 47 39 49 36 38 31  dystans: 1356
0 1 2 3 4 42 13 7 43 10 9 50 12 27 14 20 8 17 18 15 19 37 22 23 44 25 26 34 28 29 30 51 52 33 48 35 11 21 41 32 40 16 5 46 6 45 24 47 39 49 36 38 31  dystans: 1356
0 1 2 3 4 42 13 7 43 10 9 50 12 27 14 20 8 17 18 15 19 37 22 23 44 25 26 34 28 29 30 51 52 33 48 35 11 21 41 32 40 16 5 46 6 45 24 47 39 49 36 38 31  dystans: 1356
0 1 2 3 4 42 13 7 43 10 9 50 12 27 14 20 8 17 18 15 19 37 22 23 44 25 26 34 28 29 30 51 52 33 48 35 11 21 41 32 40 16 5 46 6 45 24 47 39 49 36 38 31  dystans: 1356
0 1 2 3 4 42 13 7 43 10 9 50 12 27 14 20 8 17 18 15 19 37 22 23 44 25 26 34 28 29 30 51 52 33 48 35 11 21 41 32 40 16 5 46 6 45 24 47 39 49 36 38 31  dystans: 1356
0 1 2 3 4 42 13 7 43 10 9 50 12 27 14 20 8 17 18 15 19 37 22 23 44 25 26 34 28 29 30 51 52 33 48 35 11 21 41 32 40 16 5 46 6 45 24 47 39 49 36 38 31  dystans: 1356
0 1 2 3 4 42 13 7 43 10 9 50 12 27 14 20 8 17 18 15 19 37 22 23 44 25 26 34 28 29 30 51 52 33 48 35 11 21 41 32 40 16 5 46 6 45 24 47 39 49 36 38 31  dystans: 1356
0 1 2 3 4 42 13 7 43 10 9 50 12 27 14 20 8 17 18 15 19 37 22 23 44 25 26 34 28 29 30 51 52 33 48 35 11 21 41 32 40 16 5 46 6 45 24 47 39 49 36 38 31  dystans: 1356
0 1 2 3 4 42 13 7 43 10 9 50 12 27 14 20 8 17 18 15 19 37 22 23 44 25 26 34 28 29 30 51 52 33 48 35 11 21 41 32 40 16 5 46 6 45 24 47 39 49 36 38 31  dystans: 1356
0 1 2 3 4 42 13 7 43 10 9 50 12 27 14 20 8 17 18 15 19 37 22 23 44 25 26 34 28 29 30 51 52 33 48 35 11 21 41 32 40 16 5 46 6 45 24 47 39 49 36 38 31  dystans: 1356
0 1 2 3 4 42 13 7 43 10 9 50 12 27 14 20 8 17 18 15 19 37 22 23 44 25 26 34 28 29 30 51 52 33 48 35 11 21 41 32 40 16 5 46 6 45 24 47 39 49 36 38 31  dystans: 1356
0 1 2 3 4 42 13 7 43 10 9 50 12 27 14 20 8 17 18 15 19 37 22 23 44 25 26 34 28 29 30 51 52 33 48 35 11 21 41 32 40 16 5 46 6 45 24 47 39 49 36 38 31  dystans: 1356
0 1 2 3 4 42 13 7 43 10 9 50 12 27 14 20 8 17 18 15 19 37 22 23 44 25 26 34 28 29 30 51 52 33 48 35 11 21 41 32 40 16 5 46 6 45 24 47 39 49 36 38 31  dystans: 1356
0 1 2 3 4 42 13 7 43 10 9 50 12 27 14 20 8 17 18 15 19 37 22 23 44 25 26 34 28 29 30 51 52 33 48 35 11 21 41 32 40 16 5 46 6 45 24 47 39 49 36 38 31  dystans: 1356
0 1 2 3 4 42 13 7 43 10 9 50 12 27 14 20 8 17 18 15 19 37 22 23 44 25 26 34 28 29 30 51 52 33 21 35 11 48 41 32 40 16 5 46 6 45 24 47 39 49 36 38 31  dystans: 1334
0 1 2 3 4 42 13 7 43 10 9 50 12 27 14 20 8 17 18 15 19 37 22 23 44 25 26 34 28 29 30 51 52 33 21 35 11 48 41 32 40 16 5 46 6 45 24 47 39 49 36 38 31  dystans: 1334
0 1 2 3 4 42 13 7 43 10 9 50 12 27 14 20 8 17 18 15 19 37 22 23 44 25 26 34 28 29 30 51 52 33 21 35 11 48 41 32 40 16 5 46 6 45 24 47 39 49 36 38 31  dystans: 1334
0 1 2 3 4 42 13 7 43 10 9 50 12 27 14 20 8 17 18 15 19 37 22 23 44 25 26 34 28 29 30 51 52 33 21 35 11 48 41 32 40 16 5 46 6 45 24 47 39 49 36 38 31  dystans: 1334
0 1 2 3 4 42 13 7 43 10 9 50 12 27 14 20 8 17 18 15 19 37 22 23 44 25 26 34 28 29 30 51 52 33 21 35 11 48 41 32 40 16 5 46 6 45 24 47 39 49 36 38 31  dystans: 1334
0 1 2 3 4 42 13 7 43 10 9 50 12 27 14 20 8 17 18 15 19 37 22 23 44 25 26 34 28 29 30 51 52 33 21 35 11 48 41 32 40 16 5 46 6 45 24 47 39 49 36 38 31  dystans: 1334
0 1 2 3 4 42 13 7 43 10 9 50 12 27 14 20 8 17 18 15 19 37 22 23 44 25 26 34 28 29 30 51 52 33 21 35 11 48 41 32 40 16 5 46 6 45 24 47 39 49 36 38 31  dystans: 1334
0 1 2 3 4 42 13 7 43 10 9 50 12 27 14 20 8 17 18 15 19 37 22 23 44 25 26 34 28 29 30 51 52 33 21 35 11 48 41 32 40 16 5 46 6 45 24 47 39 49 36 38 31  dystans: 1334
0 1 2 3 4 42 13 7 43 10 9 50 12 27 14 20 8 17 18 15 19 37 22 23 44 25 26 34 28 29 30 51 52 33 21 35 11 48 41 32 40 16 5 46 6 45 24 47 39 49 36 38 31  dystans: 1334
0 1 2 3 4 42 13 7 43 10 9 50 12 27 14 20 8 17 18 15 19 37 22 23 44 25 26 34 28 29 30 51 52 33 21 35 11 48 41 32 40 16 5 46 6 45 24 47 39 49 36 38 31  dystans: 1334
0 1 2 3 4 42 13 7 43 10 9 50 12 27 14 20 8 17 18 15 19 37 22 23 44 25 26 34 28 29 30 51 52 33 21 35 11 48 41 32 40 16 5 46 6 45 24 47 39 49 36 38 31  dystans: 1334
0 1 2 3 4 42 13 7 43 10 9 50 12 27 14 20 8 17 18 15 19 37 22 23 44 25 26 34 28 29 30 51 52 33 21 35 11 48 41 32 40 16 5 46 6 45 24 47 39 49 36 38 31  dystans: 1334
0 1 2 3 4 42 13 7 43 10 9 50 12 27 14 20 8 17 18 15 19 37 22 23 44 25 26 34 28 29 30 51 52 33 21 35 11 48 41 32 40 16 5 46 6 45 24 47 39 49 36 38 31  dystans: 1334
0 1 2 3 4 42 13 7 43 10 9 50 12 27 14 20 8 17 18 15 19 26 22 23 44 25 37 34 28 29 30 51 52 33 21 35 11 48 41 32 40 16 5 46 6 45 24 47 39 49 36 38 31  dystans: 1329
0 1 2 3 4 42 13 7 43 10 9 50 12 27 14 20 8 17 18 15 19 26 22 23 44 25 37 34 28 29 30 51 52 33 21 35 11 48 41 32 40 16 5 46 6 45 24 47 39 49 36 38 31  dystans: 1329
0 1 2 3 4 42 13 7 43 10 9 50 12 27 14 20 8 17 18 15 19 26 22 23 44 25 37 34 28 29 30 51 52 33 21 35 11 48 41 32 40 16 5 46 6 45 24 47 39 49 36 38 31  dystans: 1329
0 1 2 3 4 42 13 7 43 10 9 50 12 27 14 20 8 17 18 15 19 26 22 23 44 25 37 34 28 29 30 51 52 33 21 35 11 48 41 32 40 16 5 46 6 45 24 47 39 49 36 38 31  dystans: 1329
0 1 2 3 4 42 13 7 43 10 9 50 12 27 14 20 8 17 18 15 19 26 22 23 44 25 37 34 28 29 30 51 52 33 21 35 11 48 41 32 40 16 5 46 6 45 24 47 39 49 36 38 31  dystans: 1329
0 1 2 3 4 42 13 7 43 10 9 50 12 27 14 20 8 17 18 15 19 26 22 23 44 25 37 34 28 29 30 51 52 33 21 35 11 48 41 32 40 16 5 46 6 45 24 47 39 49 36 38 31  dystans: 1329
0 1 2 3 4 42 13 7 43 10 9 50 12 27 14 20 8 17 18 15 19 26 22 23 44 25 37 34 28 29 30 51 52 33 21 35 11 48 41 32 40 16 5 46 6 45 24 47 39 49 36 38 31  dystans: 1329
0 1 2 3 4 49 13 7 43 10 9 50 12 27 14 20 8 17 18 15 19 26 22 23 44 25 37 34 28 29 30 51 52 33 21 35 11 48 41 32 40 16 5 46 6 45 24 47 39 42 36 38 31  dystans: 1314
0 1 2 3 4 49 13 7 43 10 9 50 12 27 14 20 8 17 18 15 19 26 22 23 44 25 37 34 28 29 30 51 52 33 21 35 11 48 41 32 40 16 5 46 6 45 24 47 39 42 36 38 31  dystans: 1314
0 1 2 3 4 49 13 7 43 10 9 50 12 27 14 20 8 17 18 15 19 26 22 23 44 25 37 34 28 29 30 51 52 33 21 35 11 48 41 32 40 16 5 46 6 45 24 47 39 42 36 38 31  dystans: 1314
0 1 2 3 4 49 13 7 43 10 9 50 12 27 14 20 8 17 18 15 19 26 22 23 44 25 37 34 28 29 30 51 52 33 21 35 11 48 41 32 40 16 5 46 6 45 24 47 39 42 36 38 31  dystans: 1314
0 1 2 3 4 49 13 7 43 10 9 50 12 27 14 20 8 17 18 15 19 26 22 23 44 25 37 34 28 29 30 51 52 33 21 35 11 48 41 32 40 16 5 46 6 45 24 47 39 42 36 38 31  dystans: 1314
0 1 2 3 4 49 13 7 43 10 9 50 12 27 14 20 8 17 18 15 19 26 22 34 44 25 37 23 28 29 30 51 52 33 21 35 11 48 41 32 40 16 5 46 6 45 24 47 39 42 36 38 31  dystans: 1302
0 1 2 3 4 49 13 7 43 10 9 50 12 27 14 20 8 17 18 15 19 26 22 34 44 25 37 23 28 29 30 51 52 33 21 35 11 48 41 32 40 16 5 46 6 45 24 47 39 42 36 38 31  dystans: 1302
0 1 2 3 4 49 13 7 43 10 9 50 12 27 14 20 8 17 18 15 19 26 22 34 44 25 37 23 28 29 30 51 52 33 21 35 11 48 41 32 40 16 5 46 6 45 24 47 39 42 36 38 31  dystans: 1302
0 1 2 3 4 49 13 7 43 10 9 50 12 27 14 20 8 17 18 15 19 26 22 34 44 25 37 23 28 29 30 51 52 33 21 35 11 48 41 32 40 16 5 46 6 45 24 47 39 42 36 38 31  dystans: 1302
0 1 2 3 4 49 13 7 43 10 9 50 12 27 14 20 8 17 18 15 19 26 22 34 44 25 37 23 28 29 30 51 52 33 21 35 11 48 41 32 40 16 5 46 6 45 24 47 39 42 36 38 31  dystans: 1302
0 1 2 3 4 49 13 7 43 10 9 50 12 27 14 20 8 17 18 15 19 26 22 34 44 25 37 23 28 29 30 51 52 33 21 35 11 48 41 32 40 16 5 46 6 45 24 47 39 42 36 38 31  dystans: 1302
0 1 2 3 4 49 13 7 43 10 9 50 12 27 14 20 8 17 18 15 19 26 22 34 44 25 37 23 28 29 30 51 52 33 21 35 11 48 41 32 40 16 5 46 6 45 24 47 39 42 36 38 31  dystans: 1302
0 1 2 3 4 49 13 7 43 10 9 50 12 27 14 20 8 17 18 15 19 26 29 34 44 25 37 23 28 22 30 51 52 33 21 35 11 48 41 32 40 16 5 46 6 45 24 47 39 42 36 38 31  dystans: 1288
0 1 2 3 4 49 13 7 43 10 9 50 12 27 14 20 8 17 18 15 19 26 29 34 44 25 37 23 28 22 30 51 52 33 21 35 11 48 41 32 40 16 5 46 6 45 24 47 39 42 36 38 31  dystans: 1288
0 1 2 3 4 49 13 7 43 10 9 50 12 27 14 20 8 17 18 15 19 26 29 34 44 25 37 23 28 22 30 51 52 33 21 35 6 48 41 32 40 16 5 46 11 45 24 47 39 42 36 38 31  dystans: 1245
0 1 2 3 4 49 13 7 43 10 9 50 12 27 14 20 8 17 18 15 19 26 29 34 44 25 37 23 28 22 30 51 52 33 21 35 6 48 41 32 40 16 5 46 11 45 24 47 39 42 36 38 31  dystans: 1245
0 1 2 3 4 49 13 7 43 10 9 50 12 27 14 20 8 17 18 15 19 26 29 34 44 25 37 23 28 22 30 51 52 33 21 35 6 48 41 32 40 16 5 46 11 45 24 47 39 42 36 38 31  dystans: 1245
0 1 2 3 4 49 13 7 43 10 9 50 12 27 14 20 8 17 18 15 19 26 29 34 44 25 37 23 28 22 30 51 52 33 21 35 6 48 41 32 40 16 5 46 11 45 24 47 39 42 36 38 31  dystans: 1245
0 1 2 3 4 49 13 7 43 10 9 50 12 27 14 20 8 17 18 15 19 26 29 34 44 25 37 23 28 22 30 51 52 33 21 35 6 48 41 32 40 16 5 46 11 45 24 47 39 42 36 38 31  dystans: 1245
0 1 2 3 4 49 13 7 43 10 9 50 12 27 14 20 8 17 18 15 19 26 29 34 44 25 37 23 28 22 30 51 52 33 21 35 6 48 41 32 40 16 5 46 11 45 24 47 39 42 36 38 31  dystans: 1245
0 1 2 3 4 49 13 7 43 10 9 50 12 27 14 20 8 17 18 15 19 26 29 34 44 25 37 23 28 22 30 51 52 33 21 35 6 48 41 32 40 16 5 46 11 45 24 47 39 42 36 38 31  dystans: 1245
0 1 2 3 4 49 13 7 43 10 9 50 12 27 14 20 8 17 18 15 19 26 29 34 44 25 37 23 28 22 30 51 52 33 21 35 6 48 41 32 40 16 5 46 11 45 24 47 39 42 36 38 31  dystans: 1245
0 1 2 3 4 49 13 7 43 10 9 50 12 34 14 20 8 17 18 15 19 26 29 27 44 25 37 23 28 22 30 51 52 33 21 35 6 48 41 32 40 16 5 46 11 45 24 47 39 42 36 38 31  dystans: 1227
0 1 2 3 4 49 13 7 43 10 9 50 12 34 14 20 8 17 18 15 19 26 29 27 44 25 37 23 28 22 30 51 52 33 21 35 6 48 41 32 40 16 5 46 11 45 24 47 39 42 36 38 31  dystans: 1227
0 1 2 3 4 49 13 7 43 10 9 50 12 34 14 20 8 17 18 15 19 26 29 27 44 25 37 23 28 22 30 51 52 33 21 35 6 48 41 32 40 16 5 46 11 45 24 47 39 42 36 38 31  dystans: 1227
0 1 13 3 4 49 2 7 43 10 9 50 12 34 14 20 8 17 18 15 19 26 29 27 44 25 37 23 28 22 30 51 52 33 21 35 6 48 41 32 40 16 5 46 11 45 24 47 39 42 36 38 31  dystans: 1224
0 1 13 3 4 49 2 7 43 10 9 50 12 34 14 20 8 17 18 15 19 26 29 27 44 25 37 23 28 22 30 51 52 33 21 35 6 48 41 32 40 16 5 46 11 45 24 47 39 42 36 38 31  dystans: 1224
0 1 13 3 4 49 2 7 43 10 9 50 12 34 14 20 8 17 18 15 19 26 29 27 44 25 37 23 28 22 30 51 52 33 21 35 6 48 41 32 40 16 5 46 11 45 24 47 39 42 36 38 31  dystans: 1224
0 1 13 3 4 49 2 7 43 10 9 50 12 34 14 20 8 17 18 15 19 26 29 27 44 25 37 23 28 22 30 51 52 33 21 35 6 48 41 32 40 16 5 46 11 45 24 47 39 42 36 38 31  dystans: 1224
0 1 13 3 4 49 2 7 43 10 9 50 12 34 14 20 8 17 18 15 19 26 29 27 44 25 37 23 28 22 30 51 52 33 21 35 6 48 41 32 40 16 5 46 11 45 24 47 39 42 36 38 31  dystans: 1224
0 1 13 3 4 49 2 7 43 10 9 50 12 34 14 20 8 17 18 15 19 26 29 27 44 25 37 23 28 22 30 51 52 33 21 35 6 48 41 32 40 16 5 46 11 45 24 47 39 42 36 38 31  dystans: 1224
0 1 13 3 4 49 2 7 43 10 9 50 12 34 14 20 8 17 18 15 19 26 29 27 44 25 37 23 28 22 30 51 52 33 21 35 6 48 41 32 40 16 5 46 11 45 24 47 39 42 36 38 31  dystans: 1224
0 1 13 3 4 49 2 7 43 10 9 50 12 34 14 20 8 17 18 15 19 26 29 27 44 25 37 23 28 22 30 51 52 33 21 35 6 48 41 32 40 16 5 46 11 45 24 47 39 42 36 38 31  dystans: 1224
0 1 13 3 4 49 2 7 43 10 9 50 12 34 14 20 8 17 18 15 19 26 29 27 44 25 37 23 28 22 30 51 52 33 21 35 6 48 41 32 40 16 5 46 11 45 24 47 39 42 36 38 31  dystans: 1224
0 1 13 3 4 49 2 7 43 10 9 50 12 34 14 20 8 17 18 15 19 26 29 27 44 25 37 23 28 22 30 51 52 33 21 35 6 48 41 32 40 16 5 46 11 45 24 47 39 42 36 38 31  dystans: 1224
0 1 13 3 4 49 2 7 43 10 9 50 12 34 14 20 8 17 18 15 19 26 29 27 44 25 37 23 28 22 30 51 52 33 21 35 6 48 41 32 40 16 5 46 11 45 24 47 39 42 36 38 31  dystans: 1224
0 1 13 3 4 49 2 7 43 10 9 50 12 34 14 20 8 17 18 15 19 26 29 27 44 25 37 23 28 22 30 51 52 33 21 35 6 48 41 32 40 16 5 46 11 45 24 47 39 42 36 38 31  dystans: 1224
0 1 13 3 4 49 2 7 43 10 9 50 12 34 14 39 8 17 18 15 19 26 29 27 44 25 37 23 28 22 30 51 52 33 21 35 6 48 41 32 40 16 5 46 11 45 24 47 20 42 36 38 31  dystans: 1208
0 1 13 3 4 49 2 7 43 10 9 50 12 34 14 39 8 17 18 15 19 26 29 27 44 25 37 23 28 22 30 51 52 33 21 35 6 48 41 32 40 16 5 46 11 45 24 47 20 42 36 38 31  dystans: 1208
0 1 13 3 4 49 2 7 43 10 9 50 12 34 14 39 8 17 18 15 19 26 29 27 44 25 37 23 28 22 30 51 52 33 21 35 6 48 41 32 40 16 5 46 11 45 24 47 20 42 36 38 31  dystans: 1208
0 1 13 3 4 49 2 7 43 10 9 50 12 34 14 39 8 17 18 15 19 26 29 27 44 25 37 23 28 22 30 51 52 33 21 35 6 48 41 32 40 16 5 46 11 45 24 47 20 42 36 38 31  dystans: 1208
0 1 13 3 4 49 2 7 43 10 9 50 12 34 14 39 8 17 18 35 19 26 29 27 44 25 37 23 28 22 30 51 52 33 21 15 6 48 41 32 40 16 5 46 11 45 24 47 20 42 36 38 31  dystans: 1191
0 1 13 3 4 49 2 7 43 10 9 50 12 34 14 39 8 17 18 35 19 26 29 27 44 25 37 23 28 22 30 51 52 33 21 15 6 48 41 32 40 16 5 46 11 45 24 47 20 42 36 38 31  dystans: 1191
0 1 13 3 4 49 2 7 43 10 9 50 12 34 14 39 8 17 18 35 19 26 29 27 44 25 37 23 28 22 30 51 52 33 21 15 6 48 41 32 40 16 5 46 11 45 24 47 20 42 36 38 31  dystans: 1191
0 1 13 3 4 49 2 7 43 10 9 50 12 34 14 39 8 17 18 35 19 26 29 27 44 25 37 23 28 22 30 51 52 33 21 15 6 48 41 32 40 16 5 46 11 45 24 47 20 42 36 38 31  dystans: 1191
0 1 13 3 4 49 2 7 43 10 9 50 12 34 14 39 8 17 18 35 19 26 29 27 44 25 37 23 28 22 30 51 52 33 21 15 6 48 41 32 40 16 5 46 11 45 24 47 20 42 36 38 31  dystans: 1191
0 1 13 3 4 49 2 7 43 10 9 50 12 34 14 39 8 17 18 35 19 26 29 27 44 25 37 23 28 22 30 51 52 33 21 15 6 48 41 32 40 16 5 46 11 45 24 47 20 42 36 38 31  dystans: 1191
0 1 13 3 4 49 2 7 43 10 9 50 12 34 14 39 8 17 18 35 19 26 29 27 44 25 37 23 28 22 30 51 52 33 21 15 6 48 41 32 40 16 5 46 11 45 24 47 20 42 36 38 31  dystans: 1191
0 1 13 3 4 49 2 7 43 10 9 50 12 34 14 39 8 17 18 35 19 26 29 27 44 25 37 23 28 22 30 51 52 33 21 15 6 48 41 32 40 16 5 46 11 45 24 47 20 42 36 38 31  dystans: 1191
0 1 13 3 4 49 2 7 43 10 9 50 12 34 14 39 8 17 18 35 19 26 29 27 44 25 37 23 28 22 30 51 52 33 21 15 6 48 41 32 40 16 5 46 11 45 24 47 20 42 36 38 31  dystans: 1191
0 1 13 3 4 49 2 7 43 10 9 50 12 34 14 39 8 17 18 35 19 26 29 27 44 25 37 23 28 22 30 51 52 33 21 15 6 48 41 32 40 16 5 46 11 45 24 47 20 42 36 38 31  dystans: 1191
0 1 13 3 4 49 2 7 43 10 9 50 12 34 14 39 8 17 18 35 19 26 29 27 44 25 37 23 28 22 30 51 52 33 21 15 6 48 41 32 40 16 5 46 11 45 24 47 20 42 36 38 31  dystans: 1191
0 1 13 3 4 49 2 7 43 10 9 50 12 34 14 39 8 17 18 35 19 26 29 27 44 25 37 23 28 22 30 51 52 33 21 15 6 48 41 32 40 16 5 46 11 45 24 47 20 42 36 38 31  dystans: 1191
0 1 13 3 4 49 2 7 43 10 9 50 12 34 14 39 8 17 18 35 19 26 29 27 44 25 37 23 28 22 30 51 52 33 21 15 6 45 41 32 40 16 5 46 11 48 24 47 20 42 36 38 31  dystans: 1169
0 1 13 3 4 49 2 7 43 10 9 50 12 34 14 39 8 17 18 35 19 26 29 27 44 25 37 23 28 22 30 51 52 33 21 15 6 45 41 32 40 16 5 46 11 48 24 47 20 42 36 38 31  dystans: 1169
0 1 13 3 4 49 2 7 43 10 9 50 12 34 14 39 8 17 18 35 19 26 29 27 44 25 37 23 28 22 30 51 52 33 21 15 6 45 41 32 40 16 5 46 11 48 24 47 20 42 36 38 31  dystans: 1169
0 1 13 3 4 52 2 7 43 10 9 50 12 34 14 39 8 17 18 35 19 26 29 27 44 25 37 23 28 22 30 51 49 33 21 15 6 45 41 32 40 16 5 46 11 48 24 47 20 42 36 38 31  dystans: 1128
0 1 13 3 4 52 2 7 43 10 9 50 12 34 14 39 8 17 18 35 19 26 29 27 44 25 37 23 28 22 30 51 49 33 21 15 6 45 41 32 40 16 5 46 11 48 24 47 20 42 36 38 31  dystans: 1128
0 1 13 3 4 52 2 7 43 10 9 50 12 34 14 39 8 17 18 35 19 26 29 27 44 25 37 23 28 22 30 51 49 33 21 15 6 45 41 32 40 16 5 46 11 48 24 47 20 42 36 38 31  dystans: 1128
0 1 13 3 4 52 2 7 43 10 9 50 12 34 14 39 8 17 18 35 19 26 29 27 44 25 37 23 28 22 30 51 49 33 21 15 6 45 41 32 40 16 5 46 11 48 24 47 20 42 36 38 31  dystans: 1128
0 1 13 3 4 52 2 7 43 10 9 50 12 34 14 39 8 17 18 35 19 26 29 27 44 25 37 23 28 22 30 51 49 33 21 15 6 45 41 32 40 16 5 46 11 48 24 47 20 42 36 38 31  dystans: 1128
0 1 13 3 4 52 2 7 43 10 9 50 12 34 14 39 8 17 18 35 19 26 29 27 44 25 37 23 28 22 30 51 49 33 21 15 6 45 41 32 40 16 5 46 11 48 24 47 20 42 36 38 31  dystans: 1128
0 1 13 3 4 52 2 7 43 10 9 50 12 34 14 39 8 17 18 35 19 26 29 27 44 25 37 23 28 22 30 51 49 33 21 15 6 45 41 32 40 16 5 46 11 48 24 47 20 42 36 38 31  dystans: 1128
0 1 13 3 4 52 2 7 43 10 9 50 12 34 14 39 8 17 18 35 19 26 29 27 44 25 37 23 28 22 30 51 49 33 21 15 6 45 41 32 40 16 5 46 11 48 24 47 20 42 36 38 31  dystans: 1128
0 1 13 3 4 52 2 7 43 10 9 50 12 34 14 39 8 17 18 35 19 26 29 27 44 25 37 23 28 22 30 51 49 33 21 15 6 45 41 32 40 16 5 46 11 48 24 47 20 42 36 38 31  dystans: 1128
0 1 13 3 4 52 2 7 43 10 9 50 12 34 14 39 8 17 18 35 19 26 29 27 44 25 37 23 28 22 30 51 49 33 21 15 6 45 41 32 40 16 5 46 11 48 24 47 20 42 36 38 31  dystans: 1128
0 1 13 3 4 52 2 7 43 10 9 50 12 34 14 39 8 17 18 35 19 26 29 27 44 25 37 23 28 22 30 51 49 33 21 15 6 45 41 32 40 16 5 46 11 48 24 47 20 42 36 38 31  dystans: 1128
0 1 13 3 4 52 2 7 43 10 9 50 12 34 14 39 8 17 18 35 19 26 29 27 44 25 37 23 28 22 30 51 49 33 21 15 6 45 41 32 40 16 5 46 11 48 24 47 20 42 36 38 31  dystans: 1128
0 1 13 3 4 52 2 7 43 10 9 50 12 34 14 39 8 17 18 35 19 26 29 27 44 25 37 23 28 22 30 51 49 33 21 15 6 45 41 32 40 16 5 46 11 48 24 47 20 42 36 38 31  dystans: 1128
0 1 13 3 4 52 2 7 43 10 9 50 12 34 14 39 8 17 18 35 19 26 29 27 44 25 37 23 28 22 30 51 49 33 21 15 6 45 41 32 40 16 5 46 11 48 24 47 20 42 36 38 31  dystans: 1128
0 1 13 3 4 52 2 7 43 10 9 50 12 34 14 39 8 17 18 35 19 26 29 27 44 25 37 23 28 22 30 51 49 33 21 15 6 45 41 32 40 16 5 46 11 48 24 47 20 42 36 38 31  dystans: 1128
0 1 13 3 4 52 2 7 43 10 9 50 12 34 14 39 8 17 18 35 19 26 29 27 44 25 37 23 28 22 30 45 49 33 21 15 6 51 41 32 40 16 5 46 11 48 24 47 20 42 36 38 31  dystans: 1125
0 1 13 3 4 52 2 7 43 10 9 50 12 34 14 39 8 17 18 35 19 26 29 27 44 25 37 23 28 22 30 45 49 33 21 15 6 51 41 32 40 16 5 46 11 48 24 47 20 42 36 38 31  dystans: 1125
0 1 13 3 4 52 2 7 43 10 9 50 12 34 14 39 8 17 18 35 19 26 29 27 44 25 37 23 28 22 30 45 49 33 21 15 6 51 41 32 40 16 5 46 11 48 24 47 20 42 36 38 31  dystans: 1125
0 1 13 3 4 52 2 7 43 10 9 50 12 34 14 39 8 17 18 35 19 26 29 27 44 25 37 23 28 22 30 45 49 33 21 15 6 51 41 32 40 16 5 46 11 48 24 47 20 42 36 38 31  dystans: 1125
0 1 13 3 4 52 2 7 43 10 9 50 12 34 14 39 8 17 18 35 19 26 29 27 44 25 37 23 28 22 30 45 49 33 21 15 6 51 41 32 40 16 5 46 11 48 24 47 20 42 36 38 31  dystans: 1125
0 1 13 3 4 52 2 7 43 10 9 50 12 34 14 39 8 17 18 35 19 26 29 27 44 25 37 23 28 22 30 45 49 33 21 15 6 51 41 32 40 16 5 46 11 48 24 47 20 42 36 38 31  dystans: 1125
0 1 13 3 4 52 2 7 43 10 9 50 12 34 14 39 8 17 18 35 19 26 29 27 44 25 37 23 28 22 30 45 49 33 21 15 6 51 41 32 40 16 5 46 11 48 24 47 20 42 36 38 31  dystans: 1125
0 1 13 3 4 52 2 7 43 10 9 50 12 34 14 39 8 17 18 35 19 26 29 27 44 25 37 23 28 22 30 45 49 33 21 15 6 51 41 32 40 16 5 46 11 48 24 47 20 42 36 38 31  dystans: 1125
0 1 13 3 4 52 2 7 43 10 9 50 12 34 14 39 8 17 18 35 19 26 29 27 44 25 37 23 28 22 30 45 49 33 21 15 6 51 41 32 40 16 5 46 11 48 24 47 20 42 36 38 31  dystans: 1125
0 1 13 3 4 52 2 7 43 10 9 50 12 34 14 39 8 17 18 35 19 26 29 27 44 25 37 23 28 22 30 45 49 33 21 15 6 51 41 32 40 16 5 46 11 48 24 47 20 42 36 38 31  dystans: 1125
0 1 13 3 4 52 2 7 43 10 9 50 12 34 14 39 8 17 18 35 19 26 29 27 44 25 37 23 28 22 30 45 49 33 21 15 6 51 41 32 40 16 5 46 11 48 24 47 20 42 36 38 31  dystans: 1125
0 1 13 3 4 52 2 7 43 10 9 50 12 34 14 39 8 17 18 35 19 26 29 27 44 25 37 23 28 22 30 45 49 33 21 15 6 51 41 32 40 16 5 46 11 48 24 47 20 42 36 38 31  dystans: 1125
0 1 13 3 4 52 2 7 43 10 9 50 12 34 14 39 8 17 18 35 19 26 29 27 44 25 37 23 28 22 30 45 49 33 21 15 6 51 41 32 40 16 5 46 11 48 24 47 20 42 36 38 31  dystans: 1125
0 1 13 3 4 52 2 7 43 10 9 50 12 34 14 39 8 17 18 35 19 26 29 27 44 25 37 23 28 22 30 45 49 33 21 15 6 51 41 32 40 16 5 46 11 48 24 47 20 42 36 38 31  dystans: 1125
0 1 13 3 4 52 2 7 43 10 9 50 12 34 14 39 8 17 18 35 19 26 29 27 44 25 37 23 28 22 30 45 49 33 21 15 6 51 41 32 40 16 5 46 11 48 24 47 20 42 36 38 31  dystans: 1125
0 1 13 3 4 52 2 7 43 10 9 50 12 34 14 39 8 17 18 35 19 26 29 27 44 25 37 23 28 22 30 45 49 33 21 15 6 51 41 32 40 16 5 46 11 48 24 47 20 42 36 38 31  dystans: 1125
0 1 13 3 4 52 2 7 43 10 9 50 12 34 14 39 8 17 18 35 19 26 29 27 44 25 37 23 28 22 30 45 49 33 21 15 6 51 41 32 40 16 5 46 11 48 24 47 20 42 36 38 31  dystans: 1125
0 1 13 3 4 52 2 7 43 10 9 50 12 34 14 39 8 17 18 35 19 26 29 27 44 25 37 23 28 22 30 45 49 33 21 15 6 51 41 32 40 16 5 46 11 48 24 47 20 42 36 38 31  dystans: 1125
0 1 13 3 4 52 2 7 43 10 9 50 12 34 14 39 8 17 18 35 19 26 29 27 44 25 37 23 28 22 30 45 49 33 21 15 6 51 41 32 40 16 5 46 11 48 24 47 20 42 36 38 31  dystans: 1125
0 1 13 3 4 52 2 7 43 10 9 50 12 34 14 39 8 17 18 35 19 26 29 27 44 25 37 23 28 22 30 45 49 33 21 15 6 51 41 32 40 16 5 46 11 48 24 47 20 42 36 38 31  dystans: 1125
0 1 13 3 4 52 2 7 43 10 9 50 12 34 14 39 8 17 18 35 19 26 29 27 44 25 37 23 28 22 30 45 49 33 21 15 6 51 41 32 40 16 5 46 11 48 24 47 20 42 36 38 31  dystans: 1125
0 1 13 3 4 52 2 7 43 10 9 50 12 34 14 39 8 17 18 35 19 26 29 27 44 25 37 23 28 22 30 45 49 33 21 15 6 51 41 32 40 16 5 46 11 48 24 47 20 42 36 38 31  dystans: 1125
0 1 13 3 4 52 2 7 43 10 9 50 12 34 14 39 8 17 18 35 19 26 29 27 44 25 37 23 28 22 30 45 49 33 21 15 6 51 41 32 40 16 5 46 11 48 24 47 20 42 36 38 31  dystans: 1125
0 1 13 3 4 52 2 7 43 10 9 50 12 34 14 39 8 17 18 35 19 26 29 27 44 25 37 23 28 22 30 45 49 33 21 15 6 51 41 32 40 16 5 46 11 48 24 47 20 42 36 38 31  dystans: 1125
0 1 13 3 4 52 2 7 43 10 9 50 12 34 14 39 8 17 18 35 19 26 29 27 44 25 37 23 28 22 30 45 49 33 21 15 6 51 41 32 40 16 5 46 11 48 24 47 20 42 36 38 31  dystans: 1125
0 1 13 3 4 52 2 7 43 10 9 50 12 34 14 39 8 17 18 35 19 26 29 27 44 25 37 23 28 22 30 45 49 33 21 15 6 51 41 32 40 16 5 46 11 48 24 47 20 42 36 38 31  dystans: 1125
0 1 13 3 4 52 2 7 43 10 9 50 12 34 14 39 8 17 18 35 19 26 29 27 44 25 37 23 28 22 30 45 49 33 21 15 6 51 41 32 40 16 5 46 11 48 24 47 20 42 36 38 31  dystans: 1125
0 1 13 3 4 52 2 7 43 10 9 50 12 34 14 39 8 17 18 35 19 26 29 27 44 25 37 23 28 22 30 45 49 33 21 15 6 51 41 32 40 16 5 46 11 48 24 47 20 42 36 38 31  dystans: 1125
0 1 13 3 4 52 2 7 43 10 9 50 12 34 14 39 8 17 18 35 19 26 29 27 44 25 37 23 28 22 30 45 49 33 21 15 6 51 41 32 40 16 5 46 11 48 24 47 20 42 36 38 31  dystans: 1125
0 1 13 3 4 52 2 7 43 10 9 50 12 34 14 39 8 17 18 35 19 26 29 27 44 25 37 23 28 22 30 45 49 33 21 15 6 51 41 32 40 16 5 46 11 48 24 47 20 42 36 38 31  dystans: 1125
0 1 13 3 4 52 2 7 43 10 9 50 12 34 14 39 8 17 18 35 19 26 29 27 44 25 37 23 28 22 30 45 49 33 21 15 6 51 41 32 40 16 5 46 11 48 24 47 20 42 36 38 31  dystans: 1125
0 1 13 3 4 52 2 7 43 10 9 50 12 34 14 39 8 17 18 35 45 26 29 27 44 25 37 23 28 22 30 19 49 33 21 15 6 51 41 32 40 16 5 46 11 48 24 47 20 42 36 38 31  dystans: 1070
0 1 13 3 4 52 2 7 43 10 9 50 12 34 14 39 8 17 18 35 45 26 29 27 44 25 37 23 28 22 30 19 49 33 21 15 6 51 41 32 40 16 5 46 11 48 24 47 20 42 36 38 31  dystans: 1070
0 1 13 3 4 52 2 7 43 10 9 50 12 34 14 39 8 17 18 35 45 26 29 27 44 25 37 23 28 22 30 19 49 33 21 15 6 51 41 32 40 16 5 46 11 48 24 47 20 42 36 38 31  dystans: 1070
0 1 13 3 4 52 2 7 43 10 9 50 12 34 14 39 8 17 18 35 45 26 29 27 44 25 37 23 28 22 30 19 49 33 21 15 6 51 41 32 40 16 5 46 11 48 24 47 20 42 36 38 31  dystans: 1070
0 1 13 3 4 52 2 7 43 10 9 50 12 34 14 39 8 17 18 35 45 26 29 27 44 25 37 23 28 22 30 19 49 33 21 15 6 51 41 32 40 16 5 46 11 48 24 47 20 42 36 38 31  dystans: 1070
0 1 13 3 4 52 2 7 43 10 9 50 12 34 14 39 8 17 18 35 45 26 29 27 44 25 37 23 28 22 30 19 49 33 21 15 6 51 41 32 40 16 5 46 11 48 24 47 20 42 36 38 31  dystans: 1070
0 1 13 3 4 52 2 7 43 10 9 50 12 34 14 39 8 17 18 35 45 26 29 27 44 25 37 23 28 22 30 19 49 33 21 15 6 51 41 32 40 16 5 46 11 48 24 47 20 42 36 38 31  dystans: 1070
0 1 13 3 4 52 2 7 43 10 9 50 12 34 14 39 8 17 18 35 45 26 29 27 44 25 37 23 28 22 30 19 49 33 21 15 6 51 41 32 40 16 5 46 11 48 24 47 20 42 36 38 31  dystans: 1070
0 1 13 3 4 52 2 7 43 10 9 50 12 34 14 39 8 17 18 35 45 26 29 27 44 25 37 23 28 22 30 19 49 33 21 15 6 51 41 32 40 16 5 46 11 48 24 47 20 42 36 38 31  dystans: 1070
0 1 13 3 4 52 2 7 43 10 9 50 12 34 14 39 8 17 18 35 45 26 29 27 44 25 37 23 28 22 30 19 49 33 21 15 6 51 41 32 40 16 5 46 11 48 24 47 20 42 36 38 31  dystans: 1070
0 1 13 3 4 52 2 7 43 10 9 50 12 34 14 39 8 17 18 35 45 26 29 27 44 25 37 23 28 22 30 19 49 33 21 15 6 51 41 32 40 16 5 46 11 48 24 47 20 42 36 38 31  dystans: 1070
0 1 13 3 4 52 2 7 43 10 9 50 12 34 14 39 8 17 18 35 45 26 29 27 44 25 37 23 28 22 30 19 49 33 21 15 6 51 41 32 40 16 5 46 11 48 24 47 20 42 36 38 31  dystans: 1070
0 1 13 3 4 52 2 7 43 10 9 50 12 34 14 39 8 17 18 35 45 26 29 27 44 25 37 23 28 22 30 19 49 33 21 15 6 51 41 32 40 16 5 46 11 48 24 47 20 42 36 38 31  dystans: 1070
0 1 13 3 4 52 2 7 43 10 9 50 12 34 14 39 8 17 18 35 45 26 29 27 44 25 37 23 28 22 30 19 49 33 21 15 6 51 41 32 40 16 5 46 11 48 24 47 20 42 36 38 31  dystans: 1070
0 1 13 3 4 52 2 7 43 10 9 50 12 34 14 39 8 17 18 35 45 26 29 27 44 25 37 23 28 22 30 19 49 33 21 15 6 51 41 32 40 16 5 46 11 48 24 47 20 42 36 38 31  dystans: 1070
0 1 13 3 4 52 2 7 43 10 9 50 12 34 14 39 8 17 18 35 45 26 29 27 44 25 37 23 28 22 30 19 49 33 21 15 6 51 41 32 40 16 5 46 11 48 24 47 20 42 36 38 31  dystans: 1070
0 1 13 3 4 52 2 7 43 10 9 50 12 34 14 39 8 17 18 35 45 26 29 27 44 25 37 23 28 22 30 19 49 33 21 15 6 51 41 32 40 16 5 46 11 48 24 47 20 42 36 38 31  dystans: 1070
0 1 13 3 4 52 2 7 43 10 9 50 12 34 14 39 8 17 18 35 45 26 29 27 44 25 37 23 28 22 30 19 49 33 21 15 6 51 41 32 40 16 5 46 11 48 24 47 20 42 36 38 31  dystans: 1070
0 1 13 3 4 52 2 7 43 10 9 50 12 34 14 39 8 17 18 35 45 26 29 27 44 25 37 23 28 22 30 19 49 33 21 15 6 51 41 32 40 16 5 46 11 48 24 47 20 42 36 38 31  dystans: 1070
0 1 13 3 4 52 2 7 43 10 9 50 12 34 14 39 8 17 18 35 45 26 29 27 44 25 37 23 28 22 30 19 49 33 21 15 6 51 41 32 40 16 5 46 11 48 24 47 20 42 36 38 31  dystans: 1070
0 1 13 3 4 52 2 7 43 10 9 50 12 34 14 39 8 17 18 35 45 26 29 27 44 25 37 23 28 22 30 19 49 33 21 15 6 51 41 32 40 16 5 46 11 48 24 47 20 42 36 38 31  dystans: 1070
0 1 13 3 4 52 2 7 43 10 9 50 12 34 14 39 8 17 18 35 45 26 29 27 44 25 37 23 28 22 30 19 49 33 21 15 6 51 41 32 40 16 5 46 11 48 24 47 20 42 36 38 31  dystans: 1070
0 1 13 3 4 52 2 7 43 10 9 50 12 34 14 39 8 17 18 35 45 26 29 27 44 25 37 23 28 22 30 19 49 33 21 15 6 51 41 32 40 16 5 46 11 48 24 47 20 42 36 38 31  dystans: 1070
0 1 13 3 4 52 2 7 43 10 9 50 12 34 14 39 8 17 18 35 45 26 29 27 44 25 37 23 28 22 30 19 49 33 21 15 6 51 41 32 40 16 5 46 11 48 24 47 20 42 36 38 31  dystans: 1070
0 1 13 3 4 52 2 7 43 10 9 50 12 34 14 39 8 17 18 35 45 26 29 27 44 25 37 23 28 22 30 19 49 33 21 15 6 51 41 32 40 16